1
00001000100001000000000000000000
00000000000111110000000000000000
00000000000111110000000000000000
00000000000111110000000000000000
00001000100001000000000000000000
00000000000111110000000000000000
00000000000111110000000000000000
00000000000111110000000000000000
00001000100001000000000000000000
00000000000111110000000000000000
00000000000111110000000000000000
00000000000111110000000000000000 
00000000000111110000000000000000 
00000000000111110000000000000000
00000000000111110000000000000000
00000000000111110000000000000000
2
00001000100001000000000000000001
00001010100000000000000000000000
00000000000111110000000000000000
00000000000111110000000000000000
00001000100001000000000000000001
00001010100000000000000000000000
00000000000111110000000000000000
00000000000111110000000000000000
00001000100001000000000000000001
00001010100000000000000000000000
00000000000111110000000000000000
00000000000111110000000000000000
00000000000111110000000000000000
00000000000111110000000000000000
00000000000111110000000000000000
00000000000111110000000000000000
3
00001000100001000000000000000010
00001010100000000000000000000000
00001010100000000000000000000000
00000000000111110000000000000000
00001000100001000000000000000010
00001010100000000000000000000000
00001010100000000000000000000000
00000000000111110000000000000000
00001000100001000000000000000010
00001010100000000000000000000000
00001010100000000000000000000000
00000000000111110000000000000000
00000000000111110000000000000000
00000000000111110000000000000000
00000000000111110000000000000000
00000000000111110000000000000000
4
00001000100001000000000000000011
10000010100000000000000000000000
10000010100000000000000000000000
10000010100000000000000000000000
00001000100001000000000000000011
10000010100000000000000000000000
10000010100000000000000000000000
10000010100000000000000000000000
00001000100001000000000000000011
10000010100000000000000000000000
10000010100000000000000000000000
10000010100000000000000000000000
00000000000111110000000000000000
00000000000111110000000000000000
00000000000111110000000000000000
00000000000111110000000000000000
5
00000000000111110000000000000000
00001010100000000000000000000000
00000000000111110000000000000000
00000000000111110000000000000000
00000000000111110000000000000000
00001010100000000000000000000000
00000000000111110000000000000000
00000000000111110000000000000000
00000000000111110000000000000000
00001010100000000000000000000000
00000000000111110000000000000000
00000000000111110000000000000000
00000000000111110000000000000000
00000000000111110000000000000000
00000000000111110000000000000000
00000000000111110000000000000000
6
00000000000111110000000000000000
00000000000111110000000000000000
00001010100000000000000000000000
00000000000111110000000000000000
00000000000111110000000000000000
00000000000111110000000000000000
00001010100000000000000000000000
00000000000111110000000000000000
00000000000111110000000000000000
00000000000111110000000000000000
00001010100000000000000000000000
00000000000111110000000000000000
00000000000111110000000000000000
00000000000111110000000000000000
00000000000111110000000000000000
00000000000111110000000000000000
7
00000000000111110000000000000000
00010010101000100000000000000000
00010010101000100000000000000000
00010010101000100000000000000000
00000000000111110000000000000000
00010010101000100000000000000000
00010010101000100000000000000000
00010010101000100000000000000000
00000000000111110000000000000000
00010010101000100000000000000000
00010010101000100000000000000000
00010010101000100000000000000000
00000000000111110000000000000000
00000000000111110000000000000000
00000000000111110000000000000000
00000000000111110000000000000000
8
00000000000111110000000000000000
00000000000111110000000000000000
00000000000111110000000000000000
00000000000111110000000000000000
00000000000111110000000000000000
00010011100000000000000000000000
00010011100000000000000000000000
00010011100000000000000000000000
00000000000111110000000000000000
00010011100000000000000000000000
00010011100000000000000000000000
00010011100000000000000000000000
00000000000111110000000000000000
10000011100000000000000000000000
10000011100000000000000000000000
10000011100000000000000000000000
9
00001000100001000000000000000100
00000000000111110000000000000000
00000000000111110000000000000000
00000000000111110000000000000000
00001000100001000000000000000100
00000000000111110000000000000000
00000000000111110000000000000000
00000000000111110000000000000000
00001000100001000000000000000100
00010011100000000000000000000000
00010011100000000000000000000000
00010011100000000000000000000000
00000000000111110000000000000000
10000011101000000000000000000000
10000011101000000000000000000000
10000011101000000000000000000000
10
00000000000111110000000000000000
00001010100000000000000000000000
00000000000111110000000000000000
00000000000111110000000000000000
00000000000111110000000000000000
00001010100000000000000000000000
00000000000111110000000000000000
00000000000111110000000000000000
00000000000111110000000000000000
00001010100000000000000000000000
00000000000111110000000000000000
00000000000111110000000000000000
00000000000111110000000000000000
00100011101000000000000000000000
00100011101000000000000000000000
00100011101000000000000000000000
11
00000000000111110000000000000000
00000000000111110000000000000000
00001010100000000000000000000000
00000000000111110000000000000000
00000000000111110000000000000000
00000000000111110000000000000000
00001010100000000000000000000000
00000000000111110000000000000000
00000000000111110000000000000000
00000000000111110000000000000000
00001010100000000000000000000000
00000000000111110000000000000000
00000000100001010000000000000110
00100000100000000000000000000000
00100000100000000000000000000000
00000000000111110000000000000000
12
00000000000111110000000000000000
00010010101000100000000000000000
00010010101000100000000000000000
00010010101000100000000000000000
00000000000111110000000000000000
00010010101000100000000000000000
00010010101000100000000000000000
00010010101000100000000000000000
00000000000111110000000000000000
00010010101000100000000000000000
00010010101000100000000000000000
00010010101000100000000000000000
00000000100001010000000000000011
00100000100000000000000000000000
00000000000111110000000000000000
00000000000111110000000000000000
13
00000000000111110000000000000000
00000000000111110000000000000000
00000000000111110000000000000000
00000000000111110000000000000000
00000000000111110000000000000000
00010011100000000000000000000000
00010011100000000000000000000000
00010011100000000000000000000000
00000000000111110000000000000000
00010011100000000000000000000000
00010011100000000000000000000000
00010011100000000000000000000000
00000000100001010000000000000000
10000011100000000000000000000000
10000011100000000000000000000000
10000011100000000000000000000000
14
00001000100001000000000000000101
00000000000111110000000000000000
00000000000111110000000000000000
00000000000111110000000000000000
00001000100001000000000000000101
00000000000111110000000000000000
00000000000111110000000000000000
00000000000111110000000000000000
00001000100001000000000000000101
00010011100000000000000000000000
00010011100000000000000000000000
00010011100000000000000000000000
00000000000111110000000000000000
10000011101000000000000000000000
10000011101000000000000000000000
10000011101000000000000000000000
15
00000000000111110000000000000000
00001010100000000000000000000000
00000000000111110000000000000000
00000000000111110000000000000000
00000000000111110000000000000000
00001010100000000000000000000000
00000000000111110000000000000000
00000000000111110000000000000000
00000000000111110000000000000000
00001010100000000000000000000000
00000000000111110000000000000000
00000000000111110000000000000000
00000000000111110000000000000000
00100011101000000000000000000000
00100011101000000000000000000000
00100011101000000000000000000000
16
00000000000111110000000000000000
00000000000111110000000000000000
00001010100000000000000000000000
00000000000111110000000000000000
00000000000111110000000000000000
00000000000111110000000000000000
00001010100000000000000000000000
00000000000111110000000000000000
00000000000111110000000000000000
00000000000111110000000000000000
00001010100000000000000000000000
00000000000111110000000000000000
00000000100001010000000000000111
00100000100000000000000000000000
00100000100000000000000000000000
00000000000111110000000000000000
17
00000000000111110000000000000000
00010010101000100000000000000000
00010010101000100000000000000000
00010010101000100000000000000000
00000000000111110000000000000000
00010010101000100000000000000000
00010010101000100000000000000000
00010010101000100000000000000000
00000000000111110000000000000000
00010010101000100000000000000000
00010010101000100000000000000000
00010010101000100000000000000000
00000000100001010000000000000100
00100000100000000000000000000000
00000000000111110000000000000000
00000000000111110000000000000000
18
00000000000111110000000000000000
00000000000111110000000000000000
00000000000111110000000000000000
00000000000111110000000000000000
00000000000111110000000000000000
00010011100000000000000000000000
00010011100000000000000000000000
00010011100000000000000000000000
00000000000111110000000000000000
00010011100000000000000000000000
00010011100000000000000000000000
00010011100000000000000000000000
00000000100001010000000000000001
10000011100000000000000000000000
10000011100000000000000000000000
10000011100000000000000000000000
19
00000000000111110000000000000000
00000000000111110000000000000000
00000000000111110000000000000000
00000000000111110000000000000000
00000000000111110000000000000000
00000000000111110000000000000000
00000000000111110000000000000000
00000000000111110000000000000000
00000000000111110000000000000000
00010011100000000000000000000000
00010011100000000000000000000000
00010011100000000000000000000000
00000000000111110000000000000000
10000011101000000000000000000000
10000011101000000000000000000000
10000011101000000000000000000000
20
00000000000111110000000000000000
00000000000111110000000000000000
00000000000111110000000000000000
00000000000111110000000000000000
00000000000111110000000000000000
00000000000111110000000000000000
00000000000111110000000000000000
00000000000111110000000000000000
00000000000111110000000000000000
00000000000111110000000000000000
00000000000111110000000000000000
00000000000111110000000000000000
00000000000111110000000000000000
00100011101000000000000000000000
00100011101000000000000000000000
00100011101000000000000000000000
21
00000000000111110000000000000000
00000000000111110000000000000000
00000000000111110000000000000000
00000000000111110000000000000000
00000000000111110000000000000000
00000000000111110000000000000000
00000000000111110000000000000000
00000000000111110000000000000000
00000000000111110000000000000000
00000000000111110000000000000000
00000000000111110000000000000000
00000000000111110000000000000000
00000000100001010000000000001000
00100000100000000000000000000000
00100000100000000000000000000000
00000000000111110000000000000000
22
00000000000111110000000000000000
00000000000111110000000000000000
00000000000111110000000000000000
00000000000111110000000000000000
00000000000111110000000000000000
00000000000111110000000000000000
00000000000111110000000000000000
00000000000111110000000000000000
00000000000111110000000000000000
00000000000111110000000000000000
00000000000111110000000000000000
00000000000111110000000000000000
00000000100001010000000000000101
00100000100000000000000000000000
00000000000111110000000000000000
00000000000111110000000000000000
23
00000000000111110000000000000000
00000000000111110000000000000000
00000000000111110000000000000000
00000000000111110000000000000000
00000000000111110000000000000000
00000000000111110000000000000000
00000000000111110000000000000000
00000000000111110000000000000000
00000000000111110000000000000000
00000000000111110000000000000000
00000000000111110000000000000000
00000000000111110000000000000000
00000000100001010000000000000010
00000000000111110000000000000000
00000000000111110000000000000000
00000000000111110000000000000000