1
142868480
2031616
2031616
2031616
142868480
2031616
2031616
2031616
142868480
2031616
2031616
2031616
2031616
2031616
2031616
2031616
2
142868481
176160768
2031616
2031616
142868481
176160768
2031616
2031616
142868481
176160768
2031616
2031616
2031616
2031616
2031616
2031616
3
142868482
176160768
176160768
2031616
142868482
176160768
176160768
2031616
142868482
176160768
176160768
2031616
2031616
2031616
2031616
2031616
4
142868483
2189426688
2189426688
2189426688
142868483
2189426688
2189426688
2189426688
142868483
2189426688
2189426688
2189426688
2031616
2031616
2031616
2031616
5
2031616
176160768
2031616
2031616
2031616
176160768
2031616
2031616
2031616
176160768
2031616
2031616
2031616
2031616
2031616
2031616
6
2031616
2031616
176160768
2031616
2031616
2031616
176160768
2031616
2031616
2031616
176160768
2031616
2031616
2031616
2031616
2031616
7
2031616
312606720
312606720
312606720
2031616
312606720
312606720
312606720
2031616
312606720
312606720
312606720
2031616
2031616
2031616
2031616
8
2031616
2031616
2031616
2031616
2031616
327155712
327155712
327155712
2031616
327155712
327155712
327155712
2031616
2206203904
2206203904
2206203904
9
142868484
2031616
2031616
2031616
142868484
2031616
2031616
2031616
142868484
327155712
327155712
327155712
2031616
2208301056
2208301056
2208301056
10
2031616
176160768
2031616
2031616
2031616
176160768
2031616
2031616
2031616
176160768
2031616
2031616
2031616
597688320
597688320
597688320
11
2031616
2031616
176160768
2031616
2031616
2031616
176160768
2031616
2031616
2031616
176160768
2031616
8716294
545259520
545259520
2031616
12
2031616
312606720
312606720
312606720
2031616
312606720
312606720
312606720
2031616
312606720
312606720
312606720
8716291
545259520
2031616
2031616
13
2031616
2031616
2031616
2031616
2031616
327155712
327155712
327155712
2031616
327155712
327155712
327155712
8716288
2206203904
2206203904
2206203904
14
142868485
2031616
2031616
2031616
142868485
2031616
2031616
2031616
142868485
327155712
327155712
327155712
2031616
2208301056
2208301056
2208301056
15
2031616
176160768
2031616
2031616
2031616
176160768
2031616
2031616
2031616
176160768
2031616
2031616
2031616
597688320
597688320
597688320
16
2031616
2031616
176160768
2031616
2031616
2031616
176160768
2031616
2031616
2031616
176160768
2031616
8716295
545259520
545259520
2031616
17
2031616
312606720
312606720
312606720
2031616
312606720
312606720
312606720
2031616
312606720
312606720
312606720
8716292
545259520
2031616
2031616
18
2031616
2031616
2031616
2031616
2031616
327155712
327155712
327155712
2031616
327155712
327155712
327155712
8716289
2206203904
2206203904
2206203904
19
2031616
2031616
2031616
2031616
2031616
2031616
2031616
2031616
2031616
327155712
327155712
327155712
2031616
2208301056
2208301056
2208301056
20
2031616
2031616
2031616
2031616
2031616
2031616
2031616
2031616
2031616
2031616
2031616
2031616
2031616
597688320
597688320
597688320
21
2031616
2031616
2031616
2031616
2031616
2031616
2031616
2031616
2031616
2031616
2031616
2031616
8716296
545259520
545259520
2031616
22
2031616
2031616
2031616
2031616
2031616
2031616
2031616
2031616
2031616
2031616
2031616
2031616
8716293
545259520
2031616
2031616
23
2031616
2031616
2031616
2031616
2031616
2031616
2031616
2031616
2031616
2031616
2031616
2031616
8716290
2031616
2031616
2031616